function value = Function(position)
  x = position';  
  row = [15 27 36 18 12];
  mat = [35 -20 -10 32 -10; -20 40 -6 -31 32; -10 -6 11 -6 -10; 32 -31 -6 38 -20; -10 32 -10 -20 31];
  
  value = -row*x + x'*mat*x;
end

%-{15,27,36,18,12}*{{a},{b},{c},{d},{e}}+ {a,b,c,d,e}*{{35, -20, -10, 32, -10}, {-20, 40, -6, -31, 32}, {-10, -6, 11, -6, -10}, {32, -31, -6, 38, -20}, {-10, 32, -10, -20, 31}}*{{a},{b},{c},{d},{e}}